version https://git-lfs.github.com/spec/v1
oid sha256:f856d8152b90327b3ec61ecb6171612627ff3ff0944fa101178c22f807c4f368
size 2212064
